〖ZQ/总期〗14171〖-ZQ/总期〗
〖RQ/日期〗19961028〖-RQ/日期〗
〖BH/版号〗05〖-BH/版号〗
〖TH/条号〗11〖-TH/条号〗
〖BT/标题〗甲A联赛尘埃落定十二劲旅座次分明〖-BT/标题〗
〖LM/栏目〗体育〖-LM/栏目〗
〖TC/体裁〗新华社通讯〖-TC/体裁〗
〖ZW/正文〗
    名次  队名   轮次   胜   平   负  进球  失球  积分
    1  大连万达  22  12 10   0  42  18  46
    2  上海申花  22  10  9   3  38  18  39
    3  八一    22   8  11  3  28  19  35
    4  北京国安  22   9   6   7  30  26  33
    5  济南泰山  22   8   7   7  24  25  31
    6  四川全兴  22   7   9   6  22  23  30
    7  广州太阳神 22   7   8   9  26  25  29
    8  天津三星  22   6   8   8  21  30  26
    9  广东宏远  22   5  10  7  20  25  25
    10 延边现代  22   4   8  10 20  30  20
    11 深圳飞亚达 22   3   7  12 13  29  16
    12 广州松日  22   2   9  10 10  26  15
    （据新华社）
〖-ZW/正文〗
