〖ZQ/总期〗16349〖-ZQ/总期〗
〖RQ/日期〗20021015〖-RQ/日期〗
〖BH/版号〗04〖-BH/版号〗
〖TH/条号〗6〖-TH/条号〗
〖BT/标题〗亚运奖牌榜〖-BT/标题〗
〖FL/分类〗G811.233〖-FL/分类〗
〖LM/栏目〗釜山亚运快递〖-LM/栏目〗
〖BM/版名〗体育〖-BM/版名〗
〖GJ/关键〗亚运会〖-GJ/关键〗
〖TC/体裁〗其它体裁〖-TC/体裁〗
〖ZW/正文〗
    1
    国家和地区 金 银 铜
    1 中国 150 84 74
    2 韩国 96 80 84
    3 日本 44 73 72
    4哈萨克斯坦 20 26 30
    5乌兹别克斯坦 15 12 24
    6 泰国 14 19 10
    7 印度 11 12 13
    8中国台北 10 17 25
    9 朝鲜 9 11 13
    10 伊朗 8 14 14
    11沙特阿拉伯 7 1 1
    12马来西亚 6 8 16
    13 新加坡 5 2 10
    14印度尼西亚 4 7 12
    15 越南 4 7 7
    16中国香港 4 6 11
    17 卡塔尔 4 5 8
    18 菲律宾 3 7 16
    19 巴林 3 2 2
    20 科威特 2 1 5
    21斯里兰卡 2 1 3
    22巴基斯坦 1 6 6
    23吉尔吉斯斯坦 1 5 6
    24 缅甸 1 5 6
    25土库曼斯坦 1 2 1
    26 蒙古 1 1 12
    27 黎巴嫩 1 0 0
    28塔吉克斯坦 0 2 4
    29 中国澳门 0 2 2
    30 阿联酋 0 2 1
    31 孟加拉国 0 1 0
    32 尼泊尔 0 0 3
    33 叙利亚 0 0 3
    34 约旦 0 0 2
    35 老挝 0 0 2
    36 阿富汗 0 0 1
    37 文莱 0 0 1
    38 巴勒斯坦 0 0 1
    39 也门 0 0 1
〖-ZW/正文〗
