〖ZQ/总期〗11224〖-ZQ/总期〗
〖RQ/日期〗19881003〖-RQ/日期〗
〖BH/版号〗04〖-BH/版号〗
〖TH/条号〗2〖-TH/条号〗
〖BT/标题〗奥运龙虎斗〖-BT/标题〗
〖LM/栏目〗奥运风云录奥运龙虎斗〖-LM/栏目〗
〖GJ/关键〗奥运会/24届龙虎榜〖-GJ/关键〗
〖TC/体裁〗通讯〖-TC/体裁〗
〖ZW/正文〗
    国家和地区 金牌 银牌 铜牌 总计
    苏联 55 31 46 132
    民主德国 37 35 30 102
    美国 36 31 27 94
    南朝鲜  12 10 11 33
    联邦德国 11 14 15 40
    匈牙利  11 6 6 23
    保加利亚 10 12 13 35
    罗马尼亚 7  11 6 24
    法国 6 4 6  16
    意大利   6 4  4  14
    中国 5  11 12 28
    英国 5  10 9 24
    肯尼亚  25 2 2 9
    日本 4 3 7  14
    澳大利亚 3 6 5 14
    南斯拉夫  3 4 5  12
    捷克斯
    洛伐克  3 3 2 8
    新西兰   3 3 8  13
    加拿大   3 2 5  10
    波兰 3 5 9  16
    挪威 3 3 0 5
    荷兰  2 2 5 9
    丹麦 2 1 1 4
    巴西 1 2 3 6
    芬兰 1 1 2 4
    西班牙   1 1 2  4
    土耳其   1 1 0 2
    摩洛哥   1 0 2 3
    苏里南   1 0 0 1
    葡萄牙   1 0 0 1
    奥地利   1 0 0 1
    瑞典  0 4 7 11
    瑞士 0 2 2 4
    牙买加   0 2 0 2
    阿根廷   0 1 1 12
    哥斯达
    黎加 0 1 0 1
    智利 0 1 0 1
    塞内加尔 0 1 0 1
    安的列
    斯岛 0 1 0 1
    维尔京岛 0 1 0 1
    秘鲁 0 1 0 1
    印度
    尼西亚 0 1  0 1
    伊朗 0 1 0 1
    比利时   0 0 2 2
    墨西哥    0 0 2 2
    希腊 0 0 1  1
    菲律宾    0 0 1 1
    哥伦比亚   0 0 1 1
    泰国 0 0 1 1
    蒙古 0 1 1
    巴基斯坦   0 0 1 1
    吉布提    0 0 1 1
    总计： 241 234 264 739
    （新华社汉城10月2日电）
〖-ZW/正文〗
