〖ZQ/总期〗1867〖-ZQ/总期〗
〖RQ/日期〗19620724〖-RQ/日期〗
〖BH/版号〗03〖-BH/版号〗
〖TH/条号〗5〖-TH/条号〗
〖BT/标题〗公债还本付息中签号码〖-BT/标题〗
〖GJ/关键〗公债〖-GJ/关键〗
〖TC/体裁〗新华社通讯〖-TC/体裁〗
〖ZW/正文〗
    据新华社23日讯 财政部于7月20日发布关于国家经济建设公债还本付息的公告说，现将1954年――1958年国家经济建设公债应在1962年还本付息的中签号码公布如下：
    1954年国家经济建设公债
    50 68 99 89 45 38 59 36 51 58 30 88 8102 65 40 90 87 25 16
    1955年国家经济建设公债
    36 04 20 74 11 33 08 84 24 12
    1956年国家经济建设公债
    95 59 37 26 88 02 10 05 65 25
    1957年国家经济建设公债
    88 58 79 69 80 01 35 25 63 46
    1958年国家经济建设公债
    73 20 32 89 79
    各年发行的各种面额的国家经济建设公债券，它的号码末尾两字，凡和上列号码相同的，就是今年中签还本付息的公债券。应当还付的本金和利息，自9月30日起由中国人民银行兑付。
    1954年――1957年国家经济建设公债未中签公债券的利息，亦自9月30日起由中国人民银行兑付。1958年国家经济建设公债未中签公债券的利息，按规定在偿还本金时一次付给。
〖-ZW/正文〗
