〖ZQ/总期〗11953〖-ZQ/总期〗
〖RQ/日期〗19901002〖-RQ/日期〗
〖BH/版号〗01〖-BH/版号〗
〖TH/条号〗7〖-TH/条号〗
〖BT/标题〗榜上有名〖-BT/标题〗
〖BM/版名〗头版〖-BM/版名〗
〖GJ/关键〗奖牌榜〖-GJ/关键〗
〖TC/体裁〗资料〖-TC/体裁〗
〖ZW/正文〗
    金 银  铜  总计
    中国  139  77  39  255
    日本  33  46  59  138
    南朝鲜  30  37  52  119
    朝鲜  11  24  30  65
    卡塔尔  2  2  0  4
    印度  1  3  13  17
    马来西亚  1  2  1  4
    巴基斯坦  1  0  6  7
    阿曼  1  0  0  1
    中国台北  0  7  14  21
    泰国  0  5  6  11
    印度尼西亚  0  4  11  15
    伊朗  0  3  6  9
    蒙古  0  2  8  10
    香港  0  2  3 5
    菲律宾  0  1  7  8
    新加坡  0  1  3 4
    斯里兰卡  0  1  1  2
    孟加拉国  0  1  0  1
    叙利亚  0 0  2 2
    缅甸  0 0  1 1
    老挝  0 0  1 1
    澳门  0 0  1  1
    尼泊尔  0  0 1  1
    （截至10月1日）
〖-ZW/正文〗
