〖ZQ/总期〗6228〖-ZQ/总期〗
〖RQ/日期〗19750129〖-RQ/日期〗
〖BH/版号〗04〖-BH/版号〗
〖TH/条号〗8〖-TH/条号〗
〖BT/标题〗关于美国经济危机〖-BT/标题〗
〖LM/栏目〗小统计〖-LM/栏目〗
〖GJ/关键〗美国经济危机/经济统计表〖-GJ/关键〗
〖TC/体裁〗新华社通讯〖-TC/体裁〗
〖ZW/正文〗
    一九七三年十二月以来，美国陷入第二次世界大战以来最严重的经济危机。这次经济危机现在还在发展中。现将一九七三年十一月以来，美国官方统计的一些有关经济数字列表如下：
    年月    工业生产指数 消费物价指数  全失业人数（万人）
    1973・11  127.5  137.6  425
    1973.12  126.5  138.5  436
    1974.1  125.5  139.7  473
    1974.2  124.7  141.5  475
    1974.3  124.7  143.2  463
    1974.4  124.9 144.0  454
    1974.5 125.7  145.6 471
    1974.6  125.8  147.1  475
    1974.7 125.5  148.3 486
    1974.8  125.2  150.2  487
    1974.9  125.6  151.9  531
    1974.10  124.9  153.2  551
    1974.11 122.0  154.3  600
    1974.12 118.3 155.4 650
    注：工业生产指数和消费物价指数以一九六七年为一○○（新华社）
〖-ZW/正文〗
