〖ZQ/总期〗18490〖-ZQ/总期〗
〖RQ/日期〗20080825〖-RQ/日期〗
〖BH/版号〗06〖-BH/版号〗
〖TH/条号〗8〖-TH/条号〗
〖BT/标题〗奖牌榜〖-BT/标题〗
〖FL/分类〗G811.211〖-FL/分类〗
〖BM/版名〗奥运交响・圆梦〖-BM/版名〗
〖TC/体裁〗消息〖-TC/体裁〗
〖ZW/正文〗
    中国  51  21  28  100
    美国  36  38  36  110
    俄罗斯  23  21  28  72
    英国  19  13  15 47
    德国  16  10  15  41
    澳大利亚 14  15  17  46
    韩国  13  10  8   31
    日本  9   6   10  25
    意大利  8   10  10  28
    法国  7   16  17  40
    乌克兰  7   5   15  27
    荷兰  7   5   4   16
    牙买加  6   3   2   11
    西班牙  5   10  3   18
    肯尼亚  5   5   4   14
    白俄罗斯 4   5   10  19
    罗马尼亚 4   1   3  8
    埃塞俄比亚 4   1   2   7
    加拿大  3  9   6   18
    波兰  3   6   1   10
    匈牙利  3   5   2   10
    挪威  3   5   2   10
    巴西  3   4   8   15
    捷克  3   3   0  6
    斯洛伐克 3   2   1   6
    新西兰  3   1   5  9
    格鲁吉亚 3   0  3  6
    古巴  2   11  11  24
    哈萨克斯坦 2  4   7   13
    丹麦  2   2   3   7
    蒙古  2   2  0   4
    泰国  2   2   0  4
    朝鲜  2  1  3   6
    阿根廷  2  0   4   6
    瑞士  2  0  4   6
    墨西哥  2  0   1   3
    土耳其  1  4   3   8
    津巴布韦  1   3   0   4
    阿塞拜疆  1   2   4   7
    乌兹别克斯坦1  2  3  6
    斯洛文尼亚 1  2   2   5
    保加利亚  1   1  3   5
    印度尼西亚 1   1   3   5
    芬兰  1   1  2  4
    拉脱维亚  1   1   1  3
    比利时  1   1   0   2
    多米尼加  1  1  0   2
    爱沙尼亚  1   1   0   2
    葡萄牙  1   1  0  2
    印度  1   0   2   3
    伊朗  1  0  1   2
    巴林  1  0  0   1
    喀麦隆  1   0   0  1
    巴拿马  1  0  0   1
    突尼斯  1   0  0  1
    瑞典  0  4  1  5
    克罗地亚  0   2  3   5
    立陶宛  0  2   3   5
    希腊  0   2   2   4
    特立尼达
    和多巴哥  0  2  0  2
    尼日利亚  0   1  3   4
    奥地利  0  1  2   3
    爱尔兰  0  1   2  3
    塞尔维亚  0  1   2   3
    阿尔及利亚 0   1  1   2
    巴哈马  0  1  1  2
    哥伦比亚  0  1  1  2
    吉尔吉
    斯斯坦   0  1  1  2
    摩洛哥  0   1  1 2
    塔吉克斯坦 0  1  1   2
    智利  0  1  0   1
    厄瓜多尔  0  1  0   1
    冰岛  0  1  0  1
    马来西亚  0  1   0   1
    南非  0   1   0  1
    新加坡  0   1   0  1
    苏丹  0   1 0   1
    越南  0   1  0  1
    亚美尼亚  0   0  6   6
    中华台北  0   0  4   4
    阿富汗  0   0   1   1
    埃及  0   0   1 1
    以色列  0  0   1  1
    摩尔多瓦  0  0  1   1
    毛里求斯  0  0  1  1
    多哥  0  0  1   1
    委内瑞拉  0  0   1   1
〖-ZW/正文〗
