〖ZQ/总期〗19555〖-ZQ/总期〗
〖RQ/日期〗20110726〖-RQ/日期〗
〖BH/版号〗12〖-BH/版号〗
〖TH/条号〗5〖-TH/条号〗
〖BT/标题〗第五届世界军人运动会奖牌榜〖-BT/标题〗
〖FL/分类〗G811.22〖-FL/分类〗
〖LM/栏目〗第五届世界军人运动会〖-LM/栏目〗
〖BM/版名〗体育新闻〖-BM/版名〗
〖TC/体裁〗其它体裁〖-TC/体裁〗
〖ZW/正文〗
    国家和地区 金牌 银牌 铜牌 总计
    巴西 45 33 36 114
    中国 37 28 34 99
    意大利 14 13 24 51
    波兰 13 19 11 43
    法国 11 3 3 17
    韩国 8 6 8 22
    朝鲜 7 2 3 12
    肯尼亚 6 5 5 16
    德国 5 19 11 35
    乌克兰 5 4 9 18
    伊朗 5 3 4 12
    挪威 4 5 2 11
    卡塔尔 3 1 2 6
    智利 2 4 2 8
    奥地利 2 2 2 6
    立陶宛 2 1 2 5
    白俄罗斯 2 0 4 6
    拉脱维亚 2 0 2 4
    瑞典 2 0 0 2
    摩洛哥 1 7 1 9
    土耳其 1 5 4 10
    哈萨克斯坦 1 3 6 10
    委内瑞拉 1 3 6 10
    瑞士 1 3 5 9
    斯洛文尼亚 1 2 6 9
    巴林 1 2 4 7
    芬兰 1 2 4 7
    阿尔及利亚 1 2 3 6
    爱沙尼亚 1 2 2 5
    美国 1 1 3 5
    荷兰 1 1 2 4
    叙利亚 1 1 0 2
    比利时 1 0 2 3
    罗马尼亚 1 0 2 3
    加拿大 1 0 1 2
    乌干达 1 0 1 2
    克罗地亚 1 0 0 1
    丹麦 1 0 0 1
    厄瓜多尔 1 0 0 1
〖-ZW/正文〗
