〖ZQ/总期〗5047〖-ZQ/总期〗
〖RQ/日期〗19711105〖-RQ/日期〗
〖BH/版号〗04〖-BH/版号〗
〖TH/条号〗6〖-TH/条号〗
〖BT/标题〗历年联大讨论恢复我国在联合国合法权利的情况〖-BT/标题〗
〖GJ/关键〗恢复中国联合国合法席位/投票统计〖-GJ/关键〗
〖TC/体裁〗资料〖-TC/体裁〗
〖ZW/正文〗
    年份 支持中国 追随美帝
    的 票 数  的 票 数  弃权票数
    1950 10 37 8
    1951 11 36 4
    1952 7 41 11
    1953 10 43 2
    1954 11 42 6
    1955 12 41 6
    1956 24 46 8
    1957 27 47 6
    1958 28 43 9
    1959 29 43 9
    1960 34 41 22
    1961 37 47 19
    1962 42 55  12
    1963 42 56 12
    1965 47 46 20
    1966 46 56 17
    1967 45 58 16
    1968 44 57 23
    1969 48 55 21
    1970 51 48 25
    1971 76 35 17
    注：一、追随美帝的票数，没有把非法窃踞我席位的蒋介石集团的一票计算在内。
    二、一九六四年因美帝阻挠，未讨论任何提案。
〖-ZW/正文〗
